int _param_0 32
int _param_1 1024
int* _param_2 195236 159743 70240 191102 199972 157429 85425 136181 14193 36716 164211 128214 98557 191735 208808 16336 214468 110312 43397 49341 104205 224824 4872 71074 15418 15418 74434 143852 95469 79472 132411 48751
int* _param_3 267 286 368 399 631 756 822 960 983 1736 1841 2017 2389 2431 2588 2654 3071 3113 3594 3726 4491 4653 4872 5291 5836 6053 6152 6480 6695 6821 7036 7131 7153 7299 7746 7961 8087 8281 8664 8871 9121 9181 9426 10057 10255 10968 11094 11430 11546 11789 11932 12310 12580 12679 12706 12813 12887 12890 12903 13088 13418 13476 13636 13715 13867 13899 14133 14193 14671 15356 15449 15602 15654 15713 16080 16206 16336 16459 16555 16865 16955 16977 17580 17654 17892 17905 17908 18593 18734 18900 19037 19247 19460 19461 19489 19541 19621 19644 19822 20148 20197 20529 20609 21065 21449 21495 21943 22055 22059 22221 22367 22387 22436 22457 22474 22729 22834 23128 23678 23712 23935 23939 24360 24437 24443 24724 25123 25149 25311 25353 25407 25417 25575 25621 26070 26178 26213 26287 26490 26727 27256 27381 27501 28248 28248 28402 28498 29003 29075 29445 29860 30740 30804 31096 31434 31525 32041 32231 32309 32632 32680 33236 33431 33465 33595 34132 34179 34614 34775 35056 35070 35863 36196 36207 36393 36402 36537 36665 36716 36769 36770 37208 37592 37631 37876 37932 37933 37982 38062 38381 38409 39188 39637 39657 39662 40103 40767 41050 41242 41289 41333 41549 41714 41897 41924 41948 42078 42159 42229 42346 42547 42699 42818 42889 42943 43074 43076 43145 43248 43397 43731 43754 43804 44642 44741 45069 45342 45467 45534 45537 45571 45710 45880 46738 46921 47064 47370 48355 48676 48751 48755 49065 49341 50156 50396 50459 50963 51056 52131 52235 52397 52578 52648 52799 53008 53030 53034 53352 53702 53860 53883 53978 54092 54101 54342 54421 54484 54601 54973 55205 55270 55272 55327 55603 56138 56352 56400 56430 56456 56495 56991 57064 57192 57520 58280 58417 58432 58691 58809 58902 59090 59299 59338 59344 59480 59816 60589 60657 61129 61318 61593 61600 61934 62386 62389 62546 62763 62990 63869 64009 64195 64227 65402 65445 65909 66123 66340 66638 66726 66878 67023 67377 67492 67840 68444 68842 69120 69380 69710 70053 70240 70369 70697 71074 71341 71563 71752 71867 71985 72243 72309 72528 72715 72724 72855 73789 74181 74250 74434 74510 74719 74969 75092 75189 75258 75393 75819 76463 76510 76912 77062 77221 78154 78356 78434 78622 78759 79042 79066 79317 79472 79719 79837 79840 80200 80363 80382 80463 80629 80895 80908 80947 81158 81177 81876 82712 82730 82756 82761 82853 82968 83080 83103 83152 83241 83496 83520 83826 84034 84121 84682 85081 85098 85413 85425 85639 85690 86536 86694 86713 86790 86854 86977 87332 87603 88128 88411 89034 89044 89140 89150 89490 89534 89678 90493 90522 91751 92080 92308 92371 93055 93333 93535 93565 93708 93938 94130 94882 95468 95469 95660 95876 95884 95926 95978 96010 96267 96368 96429 96448 96937 97060 97074 97081 97441 97499 97529 97732 97734 97933 98104 98166 98248 98557 98561 98619 98638 98867 99073 99367 99507 99674 99721 99849 100219 100558 100573 100823 101048 101178 101405 101524 101872 101874 102227 102385 102586 103468 103854 104205 104329 104870 105243 105315 105687 105745 106565 107003 107171 107604 107961 108028 108232 108577 109434 109473 109492 109550 109588 109642 109707 110215 110304 110312 110649 111157 111350 111508 111592 111703 112022 112042 112421 112445 112530 112577 112782 113043 113589 113736 113839 113873 113920 114347 114507 114779 115321 115793 115889 116171 116340 116346 116403 117606 117651 117715 118030 118194 118464 118708 118769 119443 119605 119920 120388 120510 120554 120707 120966 121043 121585 121733 121876 122029 123371 123401 123881 123952 124138 124464 124835 125372 125646 125733 125745 125974 126200 126288 126597 126824 126937 127051 127302 127416 127865 128214 128383 128729 128976 129104 129176 129842 130062 130664 130826 131004 131499 131520 131891 131970 132139 132143 132231 132411 132423 132446 132982 133043 133083 133263 133819 134071 134120 134135 134305 134433 134655 135257 135626 135939 136117 136175 136181 136303 136319 136517 136603 136656 137147 137514 137560 137659 137746 137824 138316 138451 138683 138785 139079 139087 139206 139529 139597 139824 139909 140047 140253 140404 140787 140948 141186 141328 141789 141882 142324 142364 142548 142876 143028 143154 143673 143852 144013 144398 144426 145317 145636 145783 145826 146034 146060 146546 146719 146760 146946 147206 147310 147417 147541 147603 147916 148138 148721 149280 149705 150190 150575 151123 151169 151303 151626 151803 151918 152019 152093 152174 152864 153079 153253 153287 153413 153442 153518 153576 153735 153751 153955 153970 154225 154228 154476 155007 155140 155581 156229 156903 157037 157203 157416 157429 157579 158767 159068 159100 159270 159743 160235 160310 160680 160842 161004 161084 161137 161148 161152 161744 161842 161943 162030 162115 162146 162527 162892 163441 163777 164110 164211 164303 164304 164534 164820 165170 165316 165372 165398 165419 165603 165791 165840 166140 166241 166434 166644 167419 167599 168130 168343 168459 169399 170107 170583 171483 171821 171960 171997 172114 172846 173035 173057 173141 173168 173251 173306 173342 173344 173502 173966 174878 176315 176524 176596 176670 176831 177063 177228 177229 177324 177660 177853 177925 178372 178746 179004 179146 179159 179352 179380 179643 180377 180459 180671 180686 180755 180758 180846 181612 182731 182827 182926 182992 183033 183220 183430 183665 183772 184014 184108 184150 184153 184446 184484 184820 185292 185321 185668 185783 185901 185989 186048 186414 186607 186699 186931 187092 187130 187141 187231 187273 187468 187630 188083 188174 188515 189023 189479 189997 190150 190563 190636 191056 191102 191384 191452 191561 191660 191698 191731 191735 191914 192117 192144 192431 192481 192623 193139 194048 194806 194918 195236 195250 195571 195624 195687 196091 196519 196785 197074 197200 197206 197270 197625 197792 197802 198006 198835 198893 198949 199138 199164 199654 199972 200206 200297 200498 201021 201027 201217 201225 201361 201391 201538 202179 202915 203114 204233 204711 204856 205075 205321 205535 205649 205654 205689 205980 206581 206813 206953 207021 207047 207758 207892 208005 208141 208173 208497 208521 208685 208808 209004 209207 209480 209506 209948 210061 210838 211171 211497 211944 212486 213173 213179 213912 213938 214251 214414 214468 214670 215465 215518 215961 216068 216186 216382 217029 217029 217402 217559 217584 217736 217759 218360 218517 218573 218663 218691 218849 219005 219432 219471 219993 220813 220881 220923 220994 221089 222421 222538 223259 223405 223574 223580 223583 223762 224100 224185 224426 224552 224666 224824 225005 225521 226230 226728 226743 227274 227410 227467 227662 227714 227837 227946 228053 228090 228108 228924 229170 229197 229514 230188 230260 230806 230843 231112 231413
int* _param_4 0 0 0 0 0 0 0 0 0 0 0 0 0 0 0 0 0 0 0 0 0 0 0 0 0 0 0 0 0 0 0 0
---
ldparam.u32 %r13 _param_0
ldparam.u32 %r12 _param_1
ldparam.u64 %rd3 _param_2
ldparam.u64 %rd4 _param_3
ldparam.u64 %rd5 _param_4
mov.u32 %r14 %ctaid.x
mov.u32 %r15 %ntid.x
mov.u32 %r16 %tid.x
mul.s32 %r1 %r15 %r14
add.s32 %r1 %r1 %r16
setp.ge.s32 %p1 %r1 %r13
@%p1 bra $L__BB0_9
cvta.global.u64 %rd6 %rd5
cvta.global.u64 %rd7 %rd3
mul.wide.s32 %rd8 %r1 4
add.s64 %rd9 %rd7 %rd8
ld.global.u32 %r2 %rd9
add.s64 %rd1 %rd6 %rd8
mov.u32 %r17 -1
st.global.u32 %rd1 %r17
setp.lt.s32 %p2 %r12 1
@%p2 bra $L__BB0_9
add.s32 %r23 %r12 -1
cvta.global.u64 %rd2 %rd4
mov.u32 %r24 0
$L__BB0_3:
sub.s32 %r19 %r23 %r24
shr.u32 %r20 %r19 31
add.s32 %r21 %r19 %r20
shr.s32 %r22 %r21 1
add.s32 %r6 %r22 %r24
mul.wide.s32 %rd10 %r6 4
add.s64 %rd11 %rd2 %rd10
ld.global.u32 %r7 %rd11
setp.lt.s32 %p3 %r2 %r7
@%p3 bra $L__BB0_7
bra.uni $L__BB0_4
$L__BB0_7:
add.s32 %r23 %r6 -1
bra.uni $L__BB0_8
$L__BB0_4:
setp.gt.s32 %p4 %r2 %r7
@%p4 bra $L__BB0_6
bra.uni $L__BB0_5
$L__BB0_6:
add.s32 %r24 %r6 1
$L__BB0_8:
setp.ge.s32 %p5 %r23 %r24
@%p5 bra $L__BB0_3
bra.uni $L__BB0_9
$L__BB0_5:
st.global.u32 %rd1 %r6
$L__BB0_9:
ret
